((("only_arg" .
   [3 0 0 0 1 0 0 0])
  ("parse_str" .
   [2 0 0 0 0 0 0 0 0])
  ("parse_buf" .
   [1 0 0 0 0 0 0 0 0])
  ("parseCMD" .
   [1 0 0 0 0 0 0 0])
  ("pass" .
   [8 0 0 0])
  ("check_login" .
   [2 0 0 0 0 2 0 0 1 0 0])
  ("login" .
   [7 0 0 0 0])
  ("srv" .
   [2 0 0])
  ("fdopen" .
   [1 0 0 0 0 0])
  ("SRV_H" .
   [1 0 0 0 0])
  ("SYSCALL_H" .
   [0 0 0 0 0 0 0 1 0])
  ("SYSCALL_H_" .
   [1 0 0 0 0 0 0 0 0 0])
  ("aff_perror" .
   [1 0 0 0 0 0 0 0 0 0])
  ("t_syscall" .
   [0 0 0 0 0 1 0 0 0])
  ("0" .
   [1])
  ("SIZE" .
   [6 0 0 0])
  ("t_arg" .
   [7 0 0 0 0])
  ("nb_eat" .
   [1 0 0 0 0 0])
  ("tab_move" .
   [2 0 0 0 0 0 0 0])
  ("snprintf" .
   [1 0 0 0 0 0 0 0])
  ("create_tab" .
   [0 0 0 0 0 0 1 0 0 0])
  ("say_my_name" .
   [1 0 0 0 0 0 0 0 0 0 0])
  ("say_hello" .
   [1 0 0 0 0 0 0 0 0])
  ("pthread" .
   [0 0 0 0 0 1 0])
  ("open_file" .
   [4 0 0 0 0 0 0 0 0])
  ("count" .
   [3 0 0 0 0])
  ("de1" .
   [1 0 0])
  ("new_ptr" .
   [1 0 0 1 0 0 0])
  ("datasize" .
   [0 0 0 0 1 0 0 0])
  ("CHUNK_SIZE" .
   [1 0 0 0 0 0 0 0 0 0])
  ("heap" .
   [3 0 0 0])
  ("get_block_ptr" .
   [0 0 0 2 0 0 0 0 0 0 0 0 0])
  ("arr2" .
   [5 0 0 0])
  ("vector1" .
   [1 0 0 0 0 0 0])
  ("vector2" .
   [1 0 0 0 0 0 0])
  ("close" .
   [1 0 0 0 0])
  ("nthreads" .
   [2 0 0 0 0 0 0 0])
  ("arr" .
   [10 0 0])
  ("word" .
   [6 0 0 0])
  ("nom" .
   [3 0 0])
  ("ifstream" .
   [1 0 0 0 0 0 0 0])
  ("obj" .
   [6 0 0])
  ("Ncurses" .
   [0 0 1 0 0 0 0])
  ("dynamic_cast" .
   [0 0 0 0 1 0 0 0 0 0 0 0])
  ("display" .
   [4 0 0 0 0 0 0])
  ("module" .
   [17 0 0 0 0 0])
  ("getCurrentValue" .
   [0 0 0 1 0 0 0 0 0 0 0 0 0 0 0])
  ("init" .
   [1 0 0 0])
  ("last" .
   [3 0 0 0])
  ("ctnr" .
   [2 0 0 0])
  ("Container" .
   [0 0 0 0 1 0 0 0 0])
  ("contain" .
   [2 0 0 0 0 0 0])
  ("add" .
   [2 0 0])
  ("container" .
   [0 0 0 0 0 0 0 1 0])
  ("CONTAINER_HPP_" .
   [0 0 0 1 0 0 0 0 0 0 0 0 0 0])
  ("MYALGORITHMS_HPP_" .
   [0 0 1 0 0 0 0 0 0 0 0 0 0 0 0 0 0])
  ("isdigit" .
   [2 0 0 0 0 0 0])
  ("takeoperand" .
   [0 0 0 0 1 0 0 0 0 0 0])
  ("for" .
   [14 0 0])
  ("begin" .
   [1 0 0 0 0])
  ("auto" .
   [3 0 0 0])
  ("vector" .
   [0 0 0 1 0 0])
  ("compare" .
   [1 0 0 0 0 0 0])
  ("EX01_HPP_" .
   [0 0 1 0 0 0 0 0 0])
  ("Lime" .
   [4 0 0 0])
  ("_max" .
   [2 0 0 0])
  ("nbFruits" .
   [1 0 0 0 0 0 0 0])
  ("nullptr" .
   [7 0 0 1 1 2 0])
  ("orange" .
   [6 0 0 0 0 0])
  ("node" .
   [18 0 0 0])
  ("_list" .
   [9 0 0 0 0])
  ("FruitBox" .
   [2 0 4 0 0 0 0 0])
  ("Fruit" .
   [5 0 5 0 0])
  ("Lemon" .
   [2 0 0 0 0])
  ("LEMON_HPP_" .
   [0 0 1 0 0 0 0 0 0 0])
  ("Woody" .
   [0 0 1 0 0])
  ("pict" .
   [2 0 0 0])
  ("ToyType" .
   [1 0 0 0 0 0 0])
  ("file" .
   [7 0 0 0])
  ("PapaXmasConveyorBelt" .
   [0 0 1 0 0 0 0 0 0 0 0 0 0 0 0 0 0 0 0 0])
  ("ConveyorBeltRand" .
   [0 0 0 1 0 1 0 0 0 0 0 0 0 0 0 0])
  ("SuperMutant" .
   [0 0 3 0 1 0 0 0 0 0 2])
  ("PowerFist" .
   [1 0 1 2 0 1 0 0 0])
  ("AWeapon" .
   [1 0 4 0 0 0 0])
  ("victim" .
   [2 0 0 0 0 0])
  ("getTitle" .
   [1 0 0 0 0 0 0 0])
  ("getName" .
   [2 0 0 0 2 0 0])
  ("_title" .
   [1 0 0 0 0 0])
  ("title" .
   [2 0 0 0 0])
  ("Sorcerer" .
   [3 0 0 4 0 0 0 0])
  ("_power" .
   [2 0 0 0 0 0])
  ("Character" .
   [2 0 0 0 0 1 0 0 0])
  ("Range" .
   [1 0 0 0 0])
  ("Mage" .
   [7 0 0 0])
  ("protected" .
   [4 0 0 0 0 0 0 0 0])
  ("AttackRange" .
   [0 0 0 0 0 1 0 0 0 0 0])
  ("enum" .
   [2 0 0 0])
  ("m_name" .
   [1 0 0 0 0 0])
  ("m_parent" .
   [1 0 0 0 0 0 0 0])
  ("_isALegend" .
   [0 0 0 1 0 0 0 0 0 0])
  ("m_power" .
   [2 0 0 1 0 0 0])
  ("NewKoala" .
   [0 0 0 1 0 0 0 0])
  ("getId" .
   [0 0 0 1 0])
  ("ostream" .
   [1 0 1 0 0 0 0])
  ("droid" .
   [1 0 0 0 0])
  ("Droid" .
   [3 0 0 0 0])
  ("operator" .
   [2 0 2 1 0 0 0 0])
  ("string" .
   [31 0 0 0 0 0])
  ("Captain" .
   [5 0 0 0 0 0 0])
  ("maxWarp" .
   [0 0 0 1 0 0 0])
  ("name" .
   [10 0 0 0])
  ("true" .
   [15 0 0 0])
  ("_stability" .
   [2 0 0 0 0 0 0 0 0 0])
  ("QuantumReactor" .
   [0 0 1 2 1 0 0 0 0 0 0 0 0 0])
  ("WarpSystem" .
   [1 0 0 1 1 0 0 0 0 0])
  ("Starfleet" .
   [0 0 0 2 1 0 0 0 0])
  ("Federation" .
   [2 0 0 1 1 0 0 0 0 0])
  ("_maxWarp" .
   [2 0 0 0 1 0 0 1])
  ("_name" .
   [20 0 1 0 0])
  ("_width" .
   [4 0 0 0 0 0])
  ("class" .
   [26 0 0 0 0])
  ("namespace" .
   [2 0 0 0 0 1 2 0 0])
  ("aff" .
   [4 0 0])
  ("empty" .
   [3 0 0 0 0])
  ("compare_c" .
   [2 0 0 0 0 0 0 0 0])
  ("compare_s" .
   [3 0 0 0 0 0 0 0 0])
  ("clear" .
   [2 0 0 0 0])
  ("assign_s" .
   [1 0 0 1 0 0 0 0])
  ("assign_c" .
   [0 0 0 2 0 0 0 0])
  ("assign_" .
   [0 0 0 0 0 0 2])
  ("btree_get_depth" .
   [2 0 0 0 0 0 0 0 0 0 0 0 0 0 0])
  ("btree_get_size" .
   [3 0 0 0 0 0 0 0 0 0 0 0 0 0])
  ("tot" .
   [5 0 0])
  ("right" .
   [8 0 0 0 0])
  ("left" .
   [8 0 0 0])
  ("tree" .
   [10 0 0 0])
  ("tree_t" .
   [1 0 0 0 0 0])
  ("member_ptr" .
   [3 0 0 0 0 0 0 0 0 0])
  ("member" .
   [3 0 0 0 0 0])
  ("wut" .
   [8 0 0])
  ("whatever_t" .
   [0 0 0 0 1 0 0 0 0 0])
  ("diff" .
   [1 0 0 0])
  ("ptr2" .
   [8 0 0 0])
  ("ptr1" .
   [9 0 0 0])
  ("action" .
   [1 0 0 0 0 0])
  ("print_42" .
   [1 0 0 0 0 0 0 0])
  ("print_upper" .
   [1 0 0 0 0 0 0 0 0 0 0])
  ("print_reverse" .
   [1 0 0 0 0 0 0 0 0 0 0 0 0])
  ("print_normal" .
   [1 0 0 0 0 0 0 0 0 0 0 0])
  ("str_op" .
   [7 0 0 0 0 0])
  ("str1" .
   [2 0 0 0])
  ("mul_res" .
   [2 0 0 0 0 0 0])
  ("add_res" .
   [1 0 0 0 0 0 0])
  ("follow_the_white_rabbit" .
   [0 0 0 0 0 0 1 0 0 0 0 0 0 0 0 0 0 0 0 0 0 0 0])
  ("unsigned" .
   [10 0 1 1 4 0 0 1])
  ("av1" .
   [1 0 0])
  ("count_char" .
   [1 0 0 0 0 0 0 0 0 0])
  ("i+2" .
   [1 0 0])
  ("i+1" .
   [4 0 0])
  ("calc" .
   [2 0 0 0])
  ("av2" .
   [7 0 0])
  ("do_rest" .
   [1 0 0 0 0 0 0])
  ("_PC_PATH_MAX" .
   [0 0 0 1 0 0 0 0 0 0 0 0])
  ("aff_2" .
   [1 0 0 0 0])
  ("DT_DIR" .
   [1 0 0 0 0 0])
  ("DT_REG" .
   [1 0 0 0 0 0])
  ("suce" .
   [11 0 0 0])
  ("strncmp" .
   [1 0 0 0 0 0 0])
  ("my_aff" .
   [1 0 0 0 0 0])
  ("my_found" .
   [1 0 0 0 0 0 0 0])
  ("my_strtotab" .
   [1 0 0 0 0 0 0 0 0 0 0])
  ("my_bft" .
   [1 0 0 0 0 0])
  ("epur_str" .
   [6 0 0 0 0 0 0 0])
  ("pole_emploi" .
   [1 0 0 0 1 0 0 0 0 0 0])
  ("dir" .
   [9 0 0])
  ("my_ps_synthesis" .
   [0 0 0 1 0 0 0 0 0 0 0 0 0 0 0])
  ("pid" .
   [5 0 0])
  ("len" .
   [1 0 0])
  ("my_count" .
   [2 0 0 0 0 0 0 0])
  ("tab_tiret" .
   [1 0 0 0 0 0 0 0 0])
  ("SBML_H" .
   [2 0 0 0 0 0])
  ("10000" .
   [1 0 0 0 0])
  ("set_ms" .
   [1 0 0 0 0 0])
  ("init_pos_player" .
   [0 0 0 0 0 0 0 0 1 0 0 0 0 0 0])
  ("t_music" .
   [0 0 0 1 0 0 0])
  ("sc1" .
   [4 0 0])
  ("gnb" .
   [1 0 0])
  ("second_tab" .
   [0 0 0 0 1 0 1 0 0 0])
  ("first_tab" .
   [3 0 0 0 0 0 0 0 0])
  ("my_maintheme" .
   [1 0 0 0 0 0 0 0 0 0 0 0])
  ("my_piraterie" .
   [1 0 0 0 0 0 0 0 0 0 0 0])
  ("taverne" .
   [1 0 0 0 0 0 0])
  ("my_taverne" .
   [1 0 0 0 0 0 0 0 0 0])
  ("my_paper" .
   [1 0 0 0 0 0 0 0])
  ("my_menu" .
   [1 0 0 0 0 0 0])
  ("foret" .
   [1 0 0 0 0])
  ("my_foret" .
   [1 0 0 0 0 0 0 0])
  ("drink" .
   [1 0 0 0 0])
  ("my_drink" .
   [1 0 0 0 0 0 0 0])
  ("test" .
   [17 0 0 0])
  ("test_music" .
   [1 0 0 0 0 0 0 0 0 0])
  ("maintheme" .
   [2 0 0 0 0 0 0 0 0])
  ("piraterie" .
   [2 0 0 0 0 0 0 0 0])
  ("aff_tab" .
   [10 0 0 3 0 0 0])
  ("path" .
   [15 0 0 0])
  ("my_cd_error" .
   [0 0 0 0 0 1 0 0 0 0 0])
  ("check_cd_tirets" .
   [0 0 0 0 0 0 0 0 1 0 0 0 0 0 0])
  ("tab_len" .
   [5 0 0 0 0 0 0])
  ("check_home" .
   [1 0 0 0 0 0 0 0 0 0])
  ("list" .
   [48 0 0 0])
  ("chdir" .
   [3 0 0 0 0])
  ("my_tab_len" .
   [1 0 0 0 0 0 0 0 0 0])
  ("cmd" .
   [32 0 0])
  ("t_mapsize" .
   [10 0 0 0 0 1 0 0 0])
  ("300" .
   [1 0 0])
  ("deca" .
   [3 0 0 0])
  ("sprites" .
   [8 0 0 0 0 0 0])
  ("plaquette_droite" .
   [0 0 0 0 0 0 0 0 0 1 0 0 0 0 0 0])
  ("260" .
   [1 0 0])
  ("const" .
   [84 0 0 0 0])
  ("sleep" .
   [6 0 0 0 0])
  ("move_sprite" .
   [0 0 0 0 1 0 0 0 0 0 0])
  ("my_env2" .
   [1 0 0 0 0 0 0])
  ("my_error" .
   [1 0 0 0 0 0 0 0])
  ("my_exec2" .
   [1 0 0 0 0 0 0 0])
  ("strdup" .
   [16 0 0 0 0 0])
  ("value" .
   [7 0 1 0 0])
  ("new" .
   [13 0 0])
  ("136" .
   [4 0 0])
  ("139" .
   [1 0 0])
  ("WIFSIGNALED" .
   [1 0 0 0 0 0 0 0 0 0 0])
  ("wstatus" .
   [4 0 0 0 0 0 0])
  ("sfRenderWindow" .
   [0 0 0 0 0 0 0 0 0 0 0 0 0 1])
  ("sfResize" .
   [0 0 0 0 1 0 0 0])
  ("starfield" .
   [1 0 0 0 0 0 0 0 0])
  ("window" .
   [7 0 0 0 0 0])
  ("scene_mesh" .
   [0 0 0 0 0 1 0 0 0 0])
  ("scene_plasma" .
   [0 0 0 0 0 1 0 0 0 0 0 0])
  ("scene_aventure" .
   [0 0 0 1 0 0 0 0 0 0 0 0 0 0])
  ("scene_espace" .
   [0 0 0 0 0 1 0 0 0 0 0 0])
  ("init_ptr" .
   [2 0 0 0 1 0 0 0])
  ("area" .
   [1 0 0 0])
  ("sfImage" .
   [0 0 0 1 0 0 0])
  ("200" .
   [4 0 0])
  ("flammes" .
   [2 0 0 0 0 0 0])
  ("//lib64/" .
   [0 0 2 0 0 0 0 0])
  ("strlen" .
   [19 0 0 1 0 0])
  ("jesuis" .
   [6 0 0 0 0 0])
  ("env" .
   [14 0 0])
  ("GREEN" .
   [1 0 0 0 0])
  ("echo" .
   [6 0 0 0])
  ("-eq" .
   [1 0 0])
  ("stockj" .
   [7 0 0 0 0 0])
  ("lol" .
   [19 0 0])
  ("double" .
   [8 0 0 0 0 0])
  ("ret" .
   [9 0 0])
  ("st_size" .
   [4 0 0 0 1 0 0])
  ("atof" .
   [4 0 0 0])
  ("key" .
   [1 0 0])
  ("PS1" .
   [1 0 0])
  ("delta" .
   [0 0 0 1 0])
  ("sqrtf" .
   [1 0 0 0 0])
  ("translations" .
   [1 0 0 0 0 0 0 0 0 0 0 0])
  ("to_translate" .
   [0 0 0 0 0 0 0 0 1 0 0 0])
  ("translate" .
   [0 0 2 1 0 0 0 0 0])
  ("atoi" .
   [15 0 0 0])
  ("stat" .
   [9 0 0 0])
  ("str" .
   [70 0 0])
  ("buffer" .
   [39 0 0 0 0 0])
  ("putchar" .
   [20 0 0 0 0 0 0])
  ("namelist" .
   [4 0 0 0 0 1 0 0])
  ("dirent" .
   [1 0 0 0 0 0])
  ("exit" .
   [16 0 0 0])
  ("bef" .
   [1 0 0])
  ("term" .
   [2 0 0 0])
  ("do_m3" .
   [1 0 0 0 0])
  ("do_m" .
   [1 0 0 0])
  ("do_p" .
   [1 0 0 0])
  ("do" .
   [2 0])
  ("do_ia" .
   [0 0 1 0 0])
  ("print_map2" .
   [1 0 0 0 0 0 0 0 0 0])
  ("tetri_nbr" .
   [1 0 0 0 0 0 0 0 0])
  ("line" .
   [2 0 0 0])
  ("maxl" .
   [5 0 0 0])
  ("tetri_name" .
   [0 0 0 0 0 0 2 0 0 0])
  ("tetri" .
   [11 0 2 0 2])
  ("piece" .
   [6 0 0 0 0])
  ("tetrix" .
   [1 0 0 0 0 0])
  ("tri_tetri" .
   [0 0 0 0 0 0 1 0 0])
  ("lnum" .
   [2 0 0 0])
  ("key_q" .
   [1 0 0 0 0])
  ("key_t" .
   [2 0 0 0 0])
  ("key_r" .
   [2 0 0 0 0])
  ("key_l" .
   [2 0 0 0 0])
  ("log" .
   [1 0 0])
  ("console" .
   [1 0 0 0 1 0 0])
  ("datas" .
   [3 0 0 0 0])
  ("long" .
   [5 0 1 0])
  ("write" .
   [5 0 0 0 0])
  ("intersect_cylindre" .
   [1 0 0 0 0 0 0 0 0 0 0 0 0 0 0 0 0 0])
  ("intersect_sphere" .
   [1 0 0 0 0 0 0 0 0 0 0 0 0 0 0 0])
  ("radius" .
   [1 0 0 0 0 0])
  ("debug" .
   [5 0 0 0 0])
  ("init_struct" .
   [0 0 0 0 0 1 0 0 0 0 0])
  ("key_p" .
   [3 0 0 0 0])
  ("key_d" .
   [8 0 0 0 0])
  ("prep_p1" .
   [0 0 0 0 1 0 0])
  ("do_p2" .
   [2 0 0 0 0])
  ("do_p1" .
   [1 0 0 0 0])
  ("get_pos" .
   [1 0 0 0 0 0 0])
  ("play" .
   [1 0 0 0])
  ("playerctl" .
   [1 0 0 0 0 0 0 0 0])
  ("g_connected" .
   [0 0 0 0 1 0 0 0 0 0 0])
  ("include" .
   [80 0 0 1 0 0 0])
  ("t_my_navy" .
   [0 0 0 1 6 0 0 0 0])
  ("break" .
   [9 0 0 0 0])
  ("size" .
   [33 0 0 0])
  ("sizeof" .
   [36 0 0 1 0 0])
  ("struct_init" .
   [0 0 0 0 0 0 0 1 0 0 0])
  ("t_my_stick" .
   [2 0 4 5 3 1 0 0 1 0])
  ("struct" .
   [16 0 0 3 1 0])
  ("else" .
   [89 0 0 0])
  ("is_up" .
   [3 0 0 0 0])
  ("cos" .
   [1 0 0])
  ("sfBlack" .
   [13 0 0 2 0 0 1])
  ("sfGreen" .
   [1 0 0 0 0 0 0])
  ("sfBlue" .
   [7 0 0 0 3 0])
  ("sfRed" .
   [1 0 0 0 0])
  ("180" .
   [1 0 0])
  ("M_PI" .
   [1 0 0 0])
  ("255" .
   [17 0 0])
  ("eye" .
   [1 0 0])
  ("sfWhite" .
   [2 0 0 0 0 0 1])
  ("color" .
   [32 0 0 0 0])
  ("sfColor" .
   [0 0 0 0 2 0 0])
  ("pos2" .
   [19 0 0 0])
  ("scal" .
   [2 0 0 0])
  ("sqrt" .
   [4 0 0 0])
  ("pos_ver" .
   [1 0 0 4 1 1 0])
  ("lum_ver" .
   [2 0 1 6 0 0 1])
  ("inter" .
   [4 0 0 0 0])
  ("calc_lum_vector" .
   [0 0 0 0 1 1 0 0 0 0 0 0 0 0 0])
  ("return" .
   [343 0 3 1 3 1])
  ("pos" .
   [14 0 0])
  ("280" .
   [1 0 0])
  ("lum" .
   [11 0 0])
  ("float" .
   [12 0 0 0 0])
  ("t_my_ray" .
   [2 0 0 0 0 0 0 0])
  ("cone" .
   [6 0 0 0])
  ("cylindre" .
   [2 0 3 0 1 0 0 0])
  ("sphere" .
   [15 0 0 2 0 0])
  ("dir_vector" .
   [0 0 0 2 0 1 0 0 0 0])
  ("plane" .
   [9 0 0 0 0])
  ("sfVector3f" .
   [2 0 1 4 0 4 0 1 2 0])
  ("int" .
   [447 0 0])
  ("free" .
   [4 0 1 0])
  ("printf" .
   [39 0 0 0 1 0])
  ("buff" .
   [23 0 0 0])
  ("char" .
   [229 0 0 0])
  ("tmp" .
   [210 0 0])
  ("calc_dir_vector" .
   [0 0 0 0 0 0 0 0 0 0 0 1 0 0 0])
  ("sfColor_add" .
   [4 0 0 0 0 0 0 0 0 0 0])
  ("sfColor_modulate" .
   [3 0 0 0 0 0 0 0 0 0 0 0 0 0 0 0])
  ("while" .
   [158 0 0 0 0])
  ("eye_pos" .
   [0 0 0 3 0 0 0])
  ("void" .
   [146 0 0 0])
  ("init_map" .
   [1 0 0 0 0 0 0 0])
  ("malloc" .
   [19 0 0 0 0 0])
  ("map" .
   [3 0 0])
  ("print_map" .
   [0 0 0 0 0 1 2 0 0])
  ("max_l" .
   [2 0 0 0 0])
  ("my_putchar" .
   [6 0 0 0 0 0 1 1 2 0])
  ("check_entry" .
   [1 0 0 0 0 4 0 0 0 0 0])
  ("my_strlen" .
   [14 0 0 0 0 0 0 0 0])
  ("my_getnbr" .
   [8 0 1 0 0 0 1 0 0])
  ("continue" .
   [8 0 0 1 2 1 0 0])
  ("print_turn" .
   [0 0 0 0 0 0 0 1 0 0])
  ("my_putstr" .
   [29 0 0 0 1 0 0 1 0])
  ("line_t" .
   [1 0 0 0 0 0])
  ("my_printf" .
   [26 0 3 0 0 1 1 1 0])
  ("if" .
   [33 0])
  ("rand" .
   [2 0 0 0])
  ("NULL" .
   [165 0 0 0])
  ("max" .
   [6 0 0])
  ("final" .
   [1 0 0 0 0])
  ("/dev/null" .
   [4 0 0 0 0 0 0 0 0])
  ("light" .
   [1 0 0 0 0])
  ("tlight" .
   [1 0 0 0 0 0])
  ("get_smap21" .
   [0 0 0 0 0 0 0 0 1 0])
  ("get_pos3" .
   [1 0 0 0 0 0 0 0])
  ("main" .
   [11 0 0 0])
  ("print_help" .
   [0 0 0 0 0 0 1 0 0 0])
  ("t_my_tetris" .
   [0 0 0 1 0 2 0 0 0 0 0])
  ("my_strcmp" .
   [6 0 0 0 0 0 0 0 0])
  ("dist_to_plane" .
   [0 0 0 0 1 0 0 0 0 0 0 0 0])
  ("my_puterr" .
   [6 0 0 0 0 0 0 0 0])
  ("export" .
   [2 0 0 0 0 0])
  ("usleep" .
   [2 0 0 0 0 0])
  ("2000" .
   [1 0 0 0])
  ("res" .
   [14 0 0])
  ("player" .
   [1 0 0 0 0 0])
  ("check_entry2" .
   [1 0 0 0 0 0 0 0 0 0 0 0])
  ("do_ia2" .
   [1 0 0 0 0 0])
  ("rnd" .
   [2 0 0])
  ("check_err" .
   [1 0 0 0 0 0 0 0 0])
  ("do_m2" .
   [1 0 0 0 0])
  ("alias" .
   [13 0 0 0 0])
  ("tab" .
   [353 0 0])
  ("oui" .
   [43 0 0])
  ("d_name" .
   [6 0 0 0 0 0])
  ("//bin/" .
   [0 0 8 0 0 0])
  ("val" .
   [44 0 1])
  ("tri_tab" .
   [3 0 0 1 0 0 0])
  ("puts" .
   [71 0 0 0])
  ("100" .
   [14 0 0])
  ("//dev/" .
   [0 0 2 0 0 0])
  ("dat_tab" .
   [1 0 0 0 0 0 0])
  ("t_oui" .
   [2 0 0 0 0])
  ("PWD" .
   [1 0 0])
  ("allah_wekbar" .
   [0 0 0 0 1 1 0 0 0 0 0 0])
  ("then" .
   [2 0 0 0])
  ("t_my_val" .
   [2 0 0 0 0 0 0 0])
  ("commit" .
   [2 0 0 0 0 0])
  ("-am" .
   [2 0 0])
  ("oui_check" .
   [1 0 0 0 0 0 0 0 0])
  ("tabl" .
   [2 0 0 0])
  ("afftab" .
   [0 0 0 2 0 0])
  ("src" .
   [17 0 0])
  ("texture" .
   [10 0 0 0 0 0 0])
  ("sprite" .
   [24 0 0 0 0 0])
  ("my_parallax" .
   [1 0 0 0 0 0 0 0 0 0 0])
  ("image" .
   [9 0 0 0 0])
  ("sfSprite" .
   [2 0 0 1 0 0 0 0])
  ("sfVector2f" .
   [1 0 0 0 0 0 0 0 0 0])
  ("image2" .
   [7 0 0 0 0 0])
  ("500" .
   [1 0 0])
  ("SCREEN_HEIGHT" .
   [0 0 0 0 1 0 0 0 1 0 0 0 0])
  ("400" .
   [2 0 0])
  ("1250" .
   [2 0 0 0])
  ("SCREEN_WIDTH" .
   [1 0 0 0 0 1 0 0 0 0 0 0])
  ("330" .
   [2 0 0])
  ("pos4" .
   [3 0 0 0])
  ("pos3" .
   [1 0 0 0])
  ("image4" .
   [2 0 0 0 0 0])
  ("static" .
   [45 0 0 0 1 0])
  ("font" .
   [1 0 0 0])
  ("data" .
   [7 0 0 0])
  ("sfMusic" .
   [2 0 1 0 0 0 0])
  ("music" .
   [4 0 0 0 0])
  ("yolo" .
   [1 0 0 0])
  ("str2" .
   [7 0 0 0])
  ("epur_tab" .
   [1 0 0 0 0 0 0 0])
  ("affichage" .
   [1 0 0 0 0 0 0 0 0])
  ("affichage_2" .
   [1 0 0 0 0 0 0 0 0 0 0])
  ("carte_bar" .
   [1 0 0 0 0 2 0 0 0])
  ("bar" .
   [3 0 0])
  ("sfTrue" .
   [3 0 0 0 0 0])
  ("ptr" .
   [17 0 0])
  ("scene" .
   [19 0 1 0 0])
  ("port_carte" .
   [1 0 0 0 1 0 0 0 0 0])
  ("port_carte_zoom" .
   [1 0 0 0 1 0 0 0 0 0 0 0 0 0 0])
  ("port_sans" .
   [1 0 0 1 0 0 0 0 0])
  ("check_scene" .
   [2 0 0 0 0 0 0 0 0 0 0])
  ("zelda" .
   [1 0 0 0 0])
  ("1920" .
   [8 0 0 0])
  ("plaquette_gauche" .
   [2 0 0 0 0 0 0 0 0 0 0 0 0 0 0 0])
  ("1300" .
   [2 0 0 0])
  ("dec" .
   [22 0 0])
  ("typedef" .
   [9 0 1 0 0 0 2])
  ("t_val" .
   [2 0 0 0 0])
  ("140" .
   [1 0 0])
  ("231" .
   [1 0 0])
  ("posa" .
   [2 0 0 0])
  ("sfTexture" .
   [0 0 0 0 0 0 0 0 1])
  ("create_sprites2" .
   [0 0 0 0 0 0 1 0 0 0 1 0 0 0 0])
  ("t_lfunc" .
   [1 0 0 0 0 0 0])
  ("menu" .
   [4 0 0 0])
  ("set_ini" .
   [1 0 0 0 0 0 0])
  ("set_image" .
   [1 0 0 0 0 0 0 0 0])
  ("set_scene1" .
   [1 0 0 0 0 0 0 0 0 0])
  ("my_hitbox" .
   [1 0 0 0 0 0 0 0 0])
  ("hitbox" .
   [13 0 0 0 0 0])
  ("my_strdup" .
   [1 0 0 0 0 0 0 0 0])
  ("sfVector2" .
   [0 0 0 0 0 0 0 0 1])
  ("my_alpha" .
   [2 0 0 0 0 0 0 0])
  ("my_h" .
   [1 0 0 0])
  ("my_read" .
   [2 0 0 0 0 0 0])
  ("part_1" .
   [1 0 0 0 0 0])
  ("cmp" .
   [6 0 0])
  ("set_cmp" .
   [1 0 0 0 0 0 0])
  ("cmp_tab" .
   [2 0 0 1 0 0 0])
  ("cmp2" .
   [1 0 0 0])
  ("find_arg" .
   [1 0 0 0 0 0 0 0])
  ("tabi" .
   [4 0 0 0])
  ("end" .
   [10 0 0])
  ("str_to_tab" .
   [1 0 0 0 0 0 0 0 0 0])
  ("strcat" .
   [3 0 0 0 0 0])
  ("check_sbml" .
   [1 0 0 0 0 0 0 0 0 0])
  ("var" .
   [39 0 0])
  ("t_var" .
   [4 0 0 0 0])
  ("check_model" .
   [1 0 0 0 0 0 0 0 0 0 0])
  ("check_reaction" .
   [1 0 0 0 0 0 0 0 0 0 0 0 0 0])
  ("check_tri" .
   [1 0 0 0 0 0 0 0 0])
  ("next" .
   [20 0 0 0])
  ("my_swap" .
   [1 0 0 0 0 0 0])
  ("next_tab" .
   [2 0 0 0 0 0 0 0])
  ("size_tab" .
   [1 0 0 0 0 0 0 0])
  ("low_tab" .
   [1 0 0 0 0 0 0])
  ("strcmp" .
   [6 0 0 0 0 0])
  ("tab_again" .
   [1 0 0 0 0 0 0 0 0])
  ("nb_arg" .
   [1 0 0 0 0 0])
  ("stock_dat" .
   [1 0 0 0 0 0 0 0 0])
  ("my_trd" .
   [2 0 0 0 0 0])
  ("tri" .
   [1 0 0])
  ("dossier" .
   [1 0 0 0 0 0 0])
  ("X_OK" .
   [1 0 0 0])
  ("strlem" .
   [1 0 0 0 0 0])
  ("buf" .
   [11 0 0])
  ("strstr" .
   [1 0 0 0 0 0])
  ("FAKEPROJ_H_" .
   [1 0 1 0 0 0 0 0 0 0 0])
  ("die" .
   [7 0 0])
  ("time" .
   [2 0 0 0])
  ("sand" .
   [1 0 0 0])
  ("menger" .
   [2 0 0 0 0 0])
  ("drawing" .
   [1 0 0 0 0 0 0])
  ("pyramid" .
   [1 0 0 0 0 0 0])
  ("getnbr" .
   [2 0 0 0 0 0])
  ("uint16_t" .
   [0 0 0 0 0 0 0 1])
  ("bmp_header_s" .
   [1 0 0 0 0 0 0 0 0 0 0 0])
  ("bmp_header_t" .
   [1 0 0 0 0 0 0 0 0 0 0 0])
  ("bmp_info_header_t" .
   [1 0 0 0 0 0 0 0 0 0 0 0 0 0 0 0 0])
  ("__attribute__" .
   [0 0 0 0 0 0 0 1 0 0 0 0 0])
  ("packed" .
   [1 0 0 0 0 0])
  ("sum" .
   [7 0 0])
  ("first" .
   [6 0 0 0 0])
  ("second" .
   [4 0 0 0 0 0])
  ("product" .
   [1 0 0 0 0 0 0])
  ("length" .
   [3 0 0 0 0 0])
  ("width" .
   [6 0 0 0 0])
  ("abs" .
   [1 0 0])
  ("operation" .
   [2 0 0 0 0 0 0 0 0])
  ("instruction_type" .
   [1 0 0 0 0 0 0 0 0 0 0 0 0 0 0 0])
  ("list_t" .
   [1 0 0 0 0 0])
  ("FALSE" .
   [1 0 0 0 0])
  ("elem" .
   [1 0 0 0])
  ("front_ptr" .
   [2 0 0 0 0 1 0 0 0])
  ("TRUE" .
   [1 0 0 0])
  ("STRING_H" .
   [1 0 0 0 0 0 0 0])
  ("String" .
   [8 0 0 0 0 0])
  ("StringInit" .
   [1 0 0 0 0 0 0 0 0 0])
  ("this" .
   [56 0 0 0])
  ("StringDestroy" .
   [1 0 0 0 0 0 0 0 0 0 0 0 0])
  ("append_s" .
   [1 0 0 0 0 0 0 0])
  ("append_c" .
   [1 0 0 0 0 0 0 0])
  ("size_t" .
   [20 0 0 0 0 0])
  ("temp" .
   [1 0 0 0])
  ("pose" .
   [2 0 0 0])
  ("insert_s" .
   [2 0 0 0 0 0 0 0])
  ("insert_c" .
   [3 0 0 0 0 0 0 0])
  ("realloc" .
   [1 0 0 0 0 0 0])
  ("std" .
   [94 0 0])
  ("cout" .
   [12 0 0 0])
  ("infile" .
   [1 0 0 0 0 0])
  ("public" .
   [23 0 0 0 0 0])
  ("private" .
   [13 0 0 0 0 0 0])
  ("_length" .
   [1 0 0 0 0 0 0])
  ("endl" .
   [15 0 0 0])
  ("bool" .
   [9 0 0 0])
  ("Core" .
   [3 0 0 0])
  ("Ship" .
   [5 0 0 1])
  ("core" .
   [3 0 0 0])
  ("Borg" .
   [1 0 0 0])
  ("Bord" .
   [1 0 0 0])
  ("age" .
   [2 0 0])
  ("_age" .
   [1 0 0 0])
  ("captain" .
   [4 0 0 0 0 0 1])
  ("getname" .
   [0 0 0 1 0 0 0])
  ("Ensign" .
   [1 0 0 0 0 0])
  ("_home" .
   [5 0 0 0 0])
  ("_location" .
   [5 0 0 0 0 0 0 0 0])
  ("false" .
   [13 0 0 0 0])
  ("DROID_HPP_" .
   [1 0 0 0 0 0 0 0 0 0])
  ("_Id" .
   [1 0 0])
  ("Priest" .
   [8 0 0 0 0 0])
  ("_Spirit" .
   [0 0 0 0 0 1 0])
  ("Paladin" .
   [1 0 0 0 0 0 0])
  ("using" .
   [1 0 0 0 0])
  ("Warrior" .
   [1 0 0 0 0 0 0])
  ("virtual" .
   [7 0 0 0 0 0 0])
  ("_apcost" .
   [1 0 0 1 0 0 0])
  ("apcost" .
   [2 0 0 0 0 0])
  ("_damage" .
   [1 0 1 0 0 0 0])
  ("damage" .
   [4 0 0 0 0 0])
  ("type" .
   [2 0 0 0])
  ("AEnemy" .
   [0 0 8 0 0 0])
  ("_type" .
   [2 0 0 0 0])
  ("_hp" .
   [3 0 0])
  ("PapaXmasTable" .
   [0 0 0 0 1 0 0 0 0 0 0 0 0])
  ("TableRand" .
   [1 0 0 0 0 0 0 0 0])
  ("PICTURE_HPP" .
   [0 0 0 0 0 0 0 1 0 0 0])
  ("Picture" .
   [8 0 0 2 0 1 0])
  ("Toytype" .
   [0 0 0 0 3 0 0])
  ("_picture" .
   [2 0 0 0 0 0 0 0])
  ("filename" .
   [1 0 0 0 0 0 0 0])
  ("Buzz" .
   [1 0 0 0])
  ("Toy" .
   [4 0 0])
  ("tosay" .
   [1 0 0 0 0])
  ("ErrorType" .
   [2 0 0 0 0 0 0 0 0])
  ("Error" .
   [3 0 0 0 0])
  ("BANANA_HPP_" .
   [0 0 1 0 0 0 0 0 0 0 0])
  ("Banana" .
   [3 0 0 0 0 0])
  ("_vitamins" .
   [2 0 0 0 0 0 0 0 0])
  ("vitamins" .
   [1 0 0 0 0 0 0 0])
  ("FRUITNODE_HPP_" .
   [0 0 0 1 0 0 0 0 0 0 0 0 0 0])
  ("FruitNode" .
   [5 0 0 0 0 0 0 0 0])
  ("unsorted" .
   [4 0 0 0 0 0 0 0])
  ("pickFruit" .
   [0 0 0 0 1 0 0 0 0])
  ("lemons" .
   [1 0 0 0 0 0])
  ("putFruit" .
   [1 0 0 0 0 0 0 0])
  ("bananas" .
   [1 0 0 0 0 0 0])
  ("limes" .
   [1 0 0 0 0])
  ("LittleHand" .
   [0 0 0 1 0 0 0 0 0 0])
  ("template" .
   [7 0 0 0 0 0 0 0])
  ("typename" .
   [3 0 0 0 0 2 1 0])
  ("EX00_HPP_" .
   [0 0 1 0 0 0 0 0 0])
  ("EX02_HPP_" .
   [0 0 1 0 0 0 0 0 0])
  ("min" .
   [2 0 0])
  ("array" .
   [4 0 0 0 0])
  ("EX05_HPP_" .
   [0 0 1 0 0 0 0 0 0])
  ("PARSER_HPP_" .
   [0 0 1 0 0 0 0 0 0 0 0])
  ("Parser" .
   [1 0 0 0 0 0])
  ("DOMESTICKOALA_HPP_" .
   [0 0 1 0 0 0 0 0 0 0 0 0 0 0 0 0 0 0])
  ("RATATOUILLE_HPP_" .
   [0 0 1 0 0 0 0 0 0 0 0 0 0 0 0 0])
  ("Ratatouille" .
   [0 0 1 0 1 0 0 0 0 0 0])
  ("stringstream" .
   [1 0 0 0 0 0 0 0 0 0 0 0])
  ("sort" .
   [1 0 0 0])
  ("for_each" .
   [1 0 0 0 0 0 0 0])
  ("CESAR_HPP_" .
   [0 0 1 0 0 0 0 0 0 0])
  ("Cesar" .
   [1 0 0 0 0])
  ("memory_usage" .
   [1 0 0 0 0 0 0 0 0 0 0 0])
  ("MONITOR_CORE_HPP_" .
   [0 0 1 0 0 0 0 0 0 0 0 0 0 0 0 0 0])
  ("monitor_core" .
   [0 0 0 0 1 0 0 2 0 0 0 1])
  ("IMonitorModule" .
   [0 0 2 0 0 0 0 0 0 0 0 0 0 0])
  ("define" .
   [6 0 0 0 0 0])
  ("InfoCpu" .
   [3 0 0 0 0 0 0])
  ("_enabled" .
   [0 0 0 2 0 0 0 0])
  ("toaff" .
   [2 0 0 0 0])
  ("release" .
   [1 0 0 0 0 0 0])
  ("s_metadata" .
   [0 0 0 0 1 1 0 0 1 0])
  ("s_block" .
   [1 0 0 0 0 0 0])
  ("t_metadata" .
   [4 0 0 0 2 0 2 0 0 0])
  ("nmemb" .
   [0 0 1 1 0])
  ("find_free_block" .
   [1 0 0 0 0 0 0 0 0 0 0 0 0 0 0])
  ("HEX" .
   [1 0 0])
  ("sbrk" .
   [1 0 0 0])
  ("meta" .
   [8 0 0 0])
  ("get_meta" .
   [1 0 0 0 0 0 0 0])
  ("UNUSED" .
   [4 0 0 0 0 0])
  ("t_block" .
   [1 0 0 0 0 0 0])
  ("extern" .
   [5 0 0 0 0 0])
  ("find_free_space" .
   [1 0 0 0 0 0 0 0 0 0 0 0 0 0 0])
  ("mem_free" .
   [1 0 0 0 0 0 0 0])
  ("elf" .
   [9 0 0])
  ("check_obj" .
   [0 0 0 0 0 0 1 0 0])
  ("Elf64_Shdr" .
   [0 0 0 1 0 0 0 0 0 0])
  ("Elf64_Sym" .
   [0 0 0 1 0 0 0 0 0])
  ("shdr" .
   [2 0 0 0])
  ("strs" .
   [4 0 0 0])
  ("symtab" .
   [3 0 0 0 0 0])
  ("strtab" .
   [3 0 0 0 0 0])
  ("dynsym" .
   [3 0 0 1 0 0])
  ("dynstr" .
   [3 0 0 0 0 0])
  ("sh_offset" .
   [1 0 0 0 0 0 1 0 0])
  ("bry" .
   [2 0 0])
  ("open" .
   [2 0 0 0])
  ("max_eat" .
   [3 0 0 0 0 0 0])
  ("assign" .
   [1 0 0 0 0 0])
  ("letsago" .
   [1 0 0 0 1 0 0])
  ("t_thread" .
   [0 0 0 0 1 0 0 0])
  ("shm_add" .
   [5 0 0 0 0 0 0])
  ("./204ducks" .
   [0 0 0 1 0 0 0 0 0 0])
  ("status" .
   [1 0 0 0 0 0])
  ("pt_regs" .
   [1 0 0 0 0 0 1])
  ("back" .
   [2 0 0 0])
  ("local" .
   [1 0 0 0 0])
  ("PS1+" .
   [1 0 0 0])
  ("socket" .
   [2 0 0 0 0 0])
  ("AF_INET" .
   [0 0 1 0 0 0 0])
  ("s_in" .
   [1 0 0 0])
  ("port" .
   [3 0 0 0])
  ("sa2" .
   [1 0 0])
  ("client_fd" .
   [2 0 0 0 0 0 0 0 0])
  ("check_error" .
   [1 0 0 0 0 0 0 0 0 0 0])
  ("init_srv" .
   [0 0 0 0 0 1 0 0])
  ("check_port" .
   [1 0 0 0 1 0 0 0 0 0])
  ("check_path" .
   [1 0 0 0 0 0 0 0 0 0])
  ("fprintf" .
   [1 0 0 0 0 0 0])
  ("srv_fd" .
   [2 0 0 0 0 0])
  ("toto" .
   [1 0 0 0])
  ("check_arg" .
   [2 0 0 0 0 0 1 0 0])
  ("strtok" .
   [1 0 0 0 0 0])))
